MSE: 0.025456692375410775
MAE: 0.07069092404497743
R2: -0.03702017280950365