MSE: 0.02463597378776191
MAE: 0.07061236760919906
R2: -0.003586853231281717