MSE: 0.026069824991165336
MAE: 0.08538342769691011
R2: -0.061997136892987914