MSE: 0.025842487296521714
MAE: 0.08240603602437427
R2: -0.05273616253273805