MSE: 0.02451079135780146
MAE: 0.07034531568872106
R2: 0.0015126586470052272