MSE: 0.024527781433947966
MAE: 0.07070049272946016
R2: 0.0008205399914599232