MSE: 0.02440070967823995
MAE: 0.06970160003158929
R2: 0.005997016657015353