MSE: 0.026216590457495862
MAE: 0.07115567506792414
R2: -0.06797586920479293