MSE: 0.026777256627181428
MAE: 0.0874664393546792
R2: -0.09081552643918589