MSE: 0.024325953803910613
MAE: 0.06984382802699371
R2: 0.009042319973419977