MSE: 0.02436871674277049
MAE: 0.06976457201175643
R2: 0.007300301427085043