MSE: 0.02440357543442091
MAE: 0.0697071530630343
R2: 0.005880275372398103