MSE: 0.025792763389017707
MAE: 0.07866879814285913
R2: -0.05071057749631058