MSE: 0.02466372702132033
MAE: 0.07035155947742676
R2: -0.004717426780914469