MSE: 0.024401827821546776
MAE: 0.06969890040563478
R2: 0.005951467253024645