MSE: 0.024548361847970726
MAE: 0.07057451706452508
R2: -1.7836974079754597e-05