MSE: 0.024349624783081225
MAE: 0.06980969535545366
R2: 0.008078043760780917