MSE: 0.024711002118750103
MAE: 0.0715676450189102
R2: -0.006643255517155167